Median: 0.5019422155665169
Median: 0.5063601641706474
